0 0.650879 0.573160 0.051320 0.038792
0 0.628617 0.510549 0.052250 0.047597
0 0.920125 0.651618 0.100234 0.102764
0 0.766156 0.642278 0.077375 0.085111
0 0.498109 0.628722 0.066484 0.102194
0 0.597602 0.826569 0.094047 0.139778
0 0.188496 0.393278 0.015180 0.019583
0 0.173090 0.398174 0.015930 0.019319
0 0.700117 0.506687 0.050234 0.050653
0 0.258270 0.478507 0.037055 0.047431
0 0.867367 0.931986 0.135891 0.136028
0 0.344922 0.425028 0.028594 0.025056
0 0.374883 0.519028 0.040703 0.045278
0 0.262602 0.416028 0.017859 0.020111
0 0.239168 0.402799 0.018898 0.018514
0 0.216770 0.405708 0.020242 0.019583
0 0.417578 0.432118 0.037969 0.033681
0 0.309207 0.521285 0.038883 0.057486
0 0.467348 0.448354 0.040352 0.031153
0 0.721039 0.492549 0.029953 0.046431
0 0.532867 0.586368 0.056016 0.070486
0 0.195426 0.447611 0.028805 0.039833
0 0.248688 0.444833 0.034609 0.035500
0 0.332965 0.481125 0.040930 0.048639
0 0.379773 0.480590 0.038109 0.037014
0 0.664512 0.966708 0.109883 0.066583
0 0.541621 0.456812 0.046305 0.039792
0 0.466074 0.420799 0.032461 0.025097
0 0.349656 0.404354 0.026500 0.027042
0 0.295195 0.419333 0.027687 0.024083
0 0.369398 0.587653 0.046719 0.076750
0 0.443539 0.502944 0.049437 0.066778
0 0.401004 0.677424 0.060992 0.114903
0 0.657918 0.699174 0.088586 0.113542
0 0.544996 0.502125 0.044727 0.050056
