0 0.327289 0.538250 0.040422 0.065389
0 0.661305 0.471382 0.046797 0.040569
0 0.194297 0.400882 0.029687 0.031875
0 0.226672 0.407257 0.022313 0.024792
0 0.255957 0.401062 0.021117 0.026569
0 0.267117 0.415410 0.017531 0.017708
0 0.297695 0.404958 0.025703 0.020889
0 0.324691 0.446569 0.042242 0.048167
0 0.372312 0.441083 0.030687 0.026556
0 0.405375 0.449229 0.031078 0.030819
0 0.343316 0.420368 0.024508 0.026208
0 0.190945 0.443104 0.019469 0.024653
0 0.235887 0.440736 0.036273 0.029389
0 0.230434 0.469181 0.031180 0.035083
0 0.274281 0.461347 0.035406 0.034389
0 0.566414 0.451556 0.033922 0.039361
0 0.193242 0.472389 0.023203 0.026889
0 0.290699 0.504062 0.036414 0.049236
0 0.552684 0.472118 0.051977 0.055625
0 0.990824 0.642319 0.018023 0.057972
0 0.438078 0.582187 0.048578 0.062819
0 0.623305 0.679708 0.078016 0.101861
0 0.262273 0.898542 0.121719 0.191667
0 0.778332 0.642958 0.087617 0.117111
0 0.842543 0.615944 0.072773 0.069472
0 0.616543 0.497646 0.051570 0.059653
0 0.285625 0.625569 0.053938 0.103528
0 0.736105 0.518403 0.052773 0.050639
0 0.700043 0.537701 0.057023 0.058625
0 0.476270 0.632667 0.059898 0.081889
0 0.270254 0.437514 0.035117 0.028083
0 0.543074 0.583549 0.055742 0.073014
0 0.461578 0.520007 0.051000 0.068042
0 0.378801 0.512694 0.043039 0.058444
0 0.385773 0.482944 0.037453 0.040722
0 0.464102 0.454368 0.034828 0.035986
0 0.515867 0.430833 0.043734 0.036944
