0 0.196230 0.427514 0.022320 0.022667
0 0.572656 0.524903 0.050313 0.050472
0 0.651812 0.444938 0.124187 0.080431
0 0.195730 0.447882 0.031680 0.032931
0 0.274625 0.488257 0.035266 0.044264
0 0.388184 0.430007 0.033273 0.037514
0 0.360195 0.410521 0.027094 0.027625
0 0.342066 0.432479 0.029883 0.030458
0 0.298336 0.424681 0.033672 0.034000
0 0.283090 0.399361 0.029086 0.025139
0 0.253633 0.946618 0.093188 0.106764
0 0.472887 0.971667 0.107539 0.056667
0 0.627512 0.877910 0.117586 0.180153
0 0.507516 0.426222 0.103484 0.087250
0 0.373145 0.511104 0.043430 0.053125
0 0.955594 0.604542 0.060469 0.071000
0 0.258871 0.546056 0.041852 0.098833
0 0.565293 0.478840 0.051898 0.052153
0 0.682031 0.497563 0.052500 0.052875
0 0.424316 0.566549 0.052336 0.080403
0 0.800590 0.506889 0.063258 0.047667
0 0.778430 0.655236 0.084578 0.071583
0 0.332496 0.536979 0.043039 0.062375
0 0.320945 0.480285 0.039047 0.040375
0 0.301055 0.650069 0.051656 0.093056
0 0.247930 0.402375 0.027297 0.026917
0 0.213863 0.393340 0.029289 0.025847
0 0.709703 0.551840 0.060687 0.062014
0 0.821996 0.559028 0.068773 0.055778
0 0.181191 0.394931 0.020523 0.017000
0 0.188062 0.414417 0.032672 0.024083
