0 0.353422 0.465382 0.048797 0.066292
0 0.216582 0.397861 0.020055 0.022528
0 0.199410 0.401757 0.019367 0.022958
0 0.174746 0.389667 0.020742 0.021722
0 0.285508 0.404833 0.025125 0.025000
0 0.253926 0.457896 0.031586 0.033597
0 0.244012 0.429201 0.040336 0.030347
0 0.324691 0.418479 0.030664 0.029097
0 0.381215 0.427312 0.025867 0.024181
0 0.363746 0.437514 0.036805 0.035083
0 0.429484 0.423764 0.031203 0.026556
0 0.514422 0.439778 0.049234 0.043333
0 0.833953 0.549396 0.078391 0.065431
0 0.970047 0.714257 0.059906 0.089597
0 0.289023 0.597986 0.079141 0.170139
0 0.248500 0.515701 0.040500 0.070542
0 0.722699 0.548438 0.064523 0.070153
0 0.595125 0.528715 0.048922 0.060597
0 0.839027 0.618604 0.091758 0.080875
0 0.499820 0.556868 0.065250 0.073042
0 0.532348 0.674667 0.070008 0.105194
0 0.491508 0.462472 0.038531 0.040222
0 0.626020 0.499549 0.052102 0.053181
0 0.447813 0.457743 0.046500 0.048264
0 0.440617 0.581764 0.052109 0.067083
0 0.342871 0.543014 0.040086 0.067778
