0 0.246949 0.907264 0.098727 0.153556
0 0.236215 0.519215 0.035070 0.054181
0 0.421941 0.538306 0.056242 0.076222
0 0.444535 0.465556 0.038727 0.039750
0 0.456980 0.448556 0.030883 0.036889
0 0.487063 0.435236 0.032500 0.039750
0 0.587551 0.467979 0.050414 0.042542
0 0.493273 0.553222 0.050484 0.060306
0 0.674266 0.961431 0.116953 0.076806
0 0.366016 0.424792 0.040141 0.047306
0 0.313867 0.415049 0.029781 0.041597
0 0.175367 0.391187 0.020000 0.026069
0 0.209520 0.403042 0.021117 0.024444
0 0.226555 0.385514 0.021719 0.024083
0 0.242793 0.409597 0.030273 0.022667
0 0.263910 0.395076 0.021914 0.021958
0 0.228645 0.451917 0.037852 0.040028
0 0.264508 0.484688 0.035062 0.043208
0 0.409402 0.675194 0.059086 0.113833
0 0.284801 0.690958 0.060633 0.132806
0 0.340656 0.542938 0.051359 0.061986
0 0.850840 0.694007 0.089523 0.083181
0 0.521508 0.653722 0.071312 0.110250
0 0.267227 0.587076 0.047422 0.076542
0 0.700340 0.598917 0.066695 0.071306
0 0.715336 0.513646 0.055375 0.059792
0 0.456187 0.604014 0.051344 0.077194
0 0.774734 0.870417 0.118641 0.148306
0 0.576258 0.483083 0.050875 0.052889
0 0.877773 0.645674 0.082687 0.071264
