0 0.263836 0.411556 0.023516 0.028667
0 0.663152 0.476292 0.043758 0.030861
0 0.840418 0.959729 0.047195 0.068264
0 0.282738 0.782111 0.078508 0.169556
0 0.936516 0.692208 0.085641 0.076556
0 0.979398 0.580125 0.041125 0.071694
0 0.447281 0.573403 0.053781 0.065833
0 0.610254 0.474090 0.050336 0.051625
0 0.596523 0.529813 0.038641 0.048931
0 0.397578 0.657521 0.069687 0.137236
0 0.929129 0.608486 0.083602 0.075306
0 0.676910 0.580743 0.062211 0.066819
0 0.522504 0.693181 0.066523 0.116250
0 0.682719 0.721694 0.086203 0.128083
0 0.811191 0.676153 0.085023 0.082917
0 0.677844 0.961944 0.107547 0.076111
0 0.280605 0.994722 0.080742 0.010556
0 0.286707 0.630382 0.046695 0.078681
0 0.274449 0.591986 0.039742 0.060694
0 0.329926 0.547229 0.041867 0.063542
0 0.237629 0.522792 0.037055 0.049222
0 0.340730 0.493215 0.039648 0.055958
0 0.346207 0.466299 0.036258 0.031875
0 0.546395 0.587104 0.069148 0.102042
0 0.499512 0.485514 0.044773 0.045917
0 0.536016 0.436694 0.036844 0.041333
0 0.443863 0.464819 0.039648 0.048361
0 0.474062 0.427938 0.045641 0.044264
0 0.391883 0.445562 0.035266 0.036875
0 0.378398 0.424667 0.027203 0.024583
0 0.370906 0.413187 0.031578 0.027875
0 0.314316 0.418306 0.029508 0.026639
0 0.237559 0.403153 0.025820 0.026639
0 0.190191 0.397007 0.017289 0.019264
0 0.170613 0.392701 0.015023 0.018847
0 0.179012 0.423028 0.017055 0.022944
0 0.196875 0.434701 0.010375 0.020903
0 0.218309 0.436340 0.023742 0.025819
0 0.201371 0.475069 0.036883 0.052444
0 0.240555 0.464410 0.033656 0.040153
0 0.263031 0.449250 0.042641 0.039333
