0 0.187910 0.395806 0.029164 0.028806
0 0.233215 0.396097 0.024352 0.026028
0 0.252148 0.405028 0.027734 0.029222
0 0.342207 0.410597 0.024836 0.020417
0 0.294383 0.467062 0.038469 0.044653
0 0.344730 0.492139 0.039617 0.045500
0 0.565762 0.443146 0.043008 0.038625
0 0.561359 0.487569 0.045453 0.042556
0 0.596852 0.643035 0.067344 0.083931
0 0.432926 0.900694 0.102289 0.198611
0 0.332531 0.428076 0.028219 0.031153
0 0.306445 0.529340 0.045078 0.072653
0 0.985582 0.636264 0.028383 0.087583
0 0.639145 0.561507 0.038602 0.050625
0 0.239656 0.521167 0.040266 0.063167
0 0.382117 0.624201 0.050766 0.077236
0 0.668086 0.521965 0.043828 0.044931
0 0.423809 0.421687 0.037070 0.034153
0 0.507133 0.464465 0.040359 0.037986
0 0.874926 0.697778 0.079148 0.081972
0 0.273965 0.839493 0.085648 0.135764
0 0.853082 0.942514 0.107055 0.108250
0 0.830715 0.612056 0.071617 0.062139
0 0.182656 0.469493 0.032188 0.042597
0 0.184230 0.438910 0.037258 0.036625
0 0.173176 0.412618 0.029633 0.029653
