0 0.817898 0.925111 0.151656 0.149778
0 0.482750 0.437201 0.040453 0.029681
0 0.528711 0.726479 0.068359 0.103097
0 0.718422 0.604090 0.064609 0.080347
0 0.850078 0.562396 0.061766 0.079153
0 0.785410 0.561993 0.099039 0.095264
0 0.276934 0.604681 0.046836 0.076667
0 0.456922 0.587201 0.055906 0.070347
0 0.591023 0.523118 0.037328 0.045514
0 0.386320 0.626479 0.060344 0.094069
0 0.575605 0.480167 0.052039 0.051056
0 0.613719 0.476444 0.036594 0.034639
0 0.306184 0.413299 0.020102 0.019597
0 0.430809 0.938340 0.134945 0.123319
0 0.777438 0.417944 0.041953 0.047944
0 0.452781 0.519181 0.046672 0.058889
0 0.407258 0.433722 0.029125 0.032111
0 0.374352 0.441444 0.034719 0.038583
0 0.346375 0.489285 0.043125 0.057014
0 0.265141 0.482458 0.040109 0.060972
0 0.258289 0.549208 0.039469 0.054750
0 0.249273 0.398063 0.026781 0.027514
0 0.212031 0.398736 0.025937 0.023306
0 0.169766 0.392979 0.014578 0.019875
0 0.184508 0.389528 0.017172 0.020444
0 0.482926 0.474583 0.041492 0.038333
