0 0.835090 0.689382 0.090305 0.084542
0 0.485961 0.466681 0.033969 0.043111
0 0.555629 0.460847 0.035242 0.038972
0 0.282715 0.652715 0.056102 0.099875
0 0.502848 0.649896 0.069930 0.107847
0 0.245195 0.468882 0.037844 0.045958
0 0.352063 0.438153 0.024984 0.019639
0 0.474445 0.467375 0.056922 0.043306
0 0.322105 0.418576 0.030930 0.028319
0 0.312539 0.475097 0.040500 0.040611
0 0.382254 0.484660 0.039930 0.038653
0 0.269434 0.404417 0.030930 0.029333
0 0.262184 0.544590 0.040664 0.055014
0 0.435781 0.950125 0.121266 0.099750
0 0.971207 0.724042 0.057586 0.081556
0 0.620727 0.451854 0.048359 0.033542
0 0.634090 0.481111 0.043742 0.034556
0 0.615004 0.503146 0.051195 0.044931
0 0.304016 0.403083 0.029984 0.024000
0 0.390965 0.431965 0.032398 0.025236
0 0.205566 0.394250 0.037102 0.029111
0 0.323359 0.526271 0.047531 0.070042
0 0.825617 0.553174 0.072453 0.071042
0 0.765852 0.602361 0.068687 0.075500
0 0.559059 0.775174 0.082117 0.124764
