0 0.389266 0.443243 0.034938 0.036986
0 0.260242 0.406868 0.029281 0.034708
0 0.196289 0.388806 0.020922 0.026917
0 0.293238 0.778486 0.072430 0.150000
0 0.331637 0.486021 0.039383 0.046042
0 0.913605 0.601389 0.082945 0.067778
0 0.251699 0.551090 0.041086 0.049458
0 0.322051 0.417250 0.041477 0.034167
0 0.178957 0.421389 0.026492 0.034000
0 0.212246 0.403715 0.021758 0.022014
0 0.282004 0.399257 0.021898 0.022958
0 0.508844 0.566375 0.054641 0.063167
0 0.897281 0.460250 0.070922 0.064389
0 0.301063 0.596229 0.042797 0.074347
0 0.544289 0.733528 0.073797 0.110306
0 0.748547 0.577972 0.070609 0.064361
0 0.292254 0.506646 0.039008 0.062097
0 0.920031 0.546340 0.073000 0.060958
0 0.734152 0.796667 0.113289 0.172500
0 0.328020 0.541375 0.038570 0.062972
0 0.737738 0.492535 0.051555 0.051847
0 0.391391 0.637764 0.086031 0.193750
0 0.427000 0.571063 0.041578 0.063736
0 0.431938 0.507792 0.048141 0.065833
0 0.371074 0.474833 0.036055 0.039667
0 0.260184 0.479521 0.037602 0.038403
0 0.260715 0.456757 0.037602 0.030819
0 0.289520 0.437319 0.037602 0.041250
0 0.402336 0.413139 0.034406 0.032722
