0 0.686523 0.742688 0.090188 0.116347
0 0.497332 0.481389 0.042758 0.038750
0 0.462691 0.949444 0.114289 0.095083
0 0.762918 0.409319 0.037430 0.050444
0 0.317148 0.405271 0.027203 0.022292
0 0.264953 0.406785 0.024469 0.024181
0 0.235582 0.408007 0.028758 0.022347
0 0.189523 0.397910 0.023422 0.019292
0 0.307566 0.469583 0.037008 0.041667
0 0.273477 0.488278 0.034297 0.045306
0 0.237910 0.531743 0.037195 0.051431
0 0.427551 0.436826 0.035867 0.037569
0 0.396250 0.447986 0.033062 0.028167
0 0.477652 0.612785 0.063195 0.083792
0 0.965617 0.707667 0.064375 0.065278
0 0.592176 0.462569 0.037805 0.053694
0 0.377504 0.614056 0.056414 0.088861
0 0.635223 0.557438 0.058961 0.051931
0 0.555344 0.465139 0.051813 0.052500
0 0.326355 0.422326 0.034852 0.024931
0 0.772852 0.652861 0.078312 0.090583
0 0.814422 0.519597 0.059906 0.057917
0 0.768801 0.568944 0.067367 0.067306
0 0.608117 0.889674 0.110719 0.182292
0 0.275813 0.707993 0.062688 0.101264
0 0.271941 0.832722 0.080508 0.161889
